0.31068 0.3217 0.20371 0.37469 0.24684 0.49001 0.41277 0.34291 0.27152 0.46206 0.35048 0.28371 0.34741 0.39046 0.44381 0.10234 0.073942 0.54014 0.33198 0.084067 0.33612 0.46588 0.12236 0.54509 0.63127
0.28853 0.3823 0.22576 0.050488 0.10648 0.26266 0.21596 0.41185 0.46674 0.077823 0.23094 0.45849 0.27561 0.29522 0.50617 0.13206 0.29256 0.046765 0.028528 0.019389 0.51352 0.25452 0.24706 0.062157 0.050401
0.46419 0.32121 0.1842 0.28274 0.41607 0.45479 0.44595 0.14211 0.31037 0.096645 0.38299 0.24439 0.11605 0.47133 0.025708 0.029792 0.50893 0.060235 0.38714 0.58949 0.20916 0.3332 0.038955 0.44554 0.17104
0.14128 0.42584 0.38444 0.2854 0.1861 0.46852 0.1965 0.29122 0.081681 0.11792 0.28702 0.22209 0.31344 0.29453 0.49397 0.44368 0.52141 0.080937 0.42042 0.18913 0.26817 0.4711 0.35853 0.43999 0.037917
0.16972 0.30858 0.31616 0.46341 0.031558 0.29434 0.38634 0.1903 0.10549 0.58715 0.2401 0.37114 0.039265 0.0086228 0.29123 0.19688 0.16127 0.094851 0.44291 0.1855 0.032611 0.13568 0.23072 0.33577 0.31158
0.063611 0.58687 0.38871 0.26092 0.53593 0.013028 0.19932 0.36161 0.2148 0.42841 0.33593 0.10552 0.29441 0.061364 0.039804 0.3762 0.12437 0.35383 0.38646 0.20898 0.10649 0.19538 0.12068 0.11007 0.0093696
0.50148 0.12915 0.46971 0.21173 0.17235 0.22017 0.40613 0.33356 0.39518 0.16413 0.36214 0.23069 0.31087 0.43803 0.39341 0.48556 0.33709 0.32691 0.35345 0.29317 0.39851 0.2191 0.14354 0.35689 0.63286
0.34446 0.062484 0.48979 0.36132 0.31406 0.28236 0.37929 0.072562 0.43576 0.42826 0.40742 0.41723 0.34323 0.24589 0.1547 0.34862 0.38203 0.029675 0.23098 0.40687 0.19891 0.36009 0.62183 0.17924 0.13872
0.25583 0.064786 0.09669 0.3989 0.48827 0.17986 0.18957 0.37396 0.41695 0.12771 0.00021521 0.26615 0.41895 0.42896 0.098908 0.37425 0.24881 0.53061 0.079909 0.015835 0.54021 0.38566 0.46398 0.080151 0.065861
0.34113 0.037557 0.069926 0.27986 0.25502 0.13113 0.10851 0.42945 0.16812 0.047562 0.35655 0.39144 0.46201 0.10632 0.16513 0.31095 0.12289 0.4152 0.17934 0.52864 0.07104 0.047239 0.32183 0.12705 0.21681

