0.29826 0.3634 0.40638 0.42789 0.27306 0.40284 0.37276 0.51317 0.39722 0.057087 0.066941 0.43175 0.067585 0.075622 0.34783 0.53758 0.086528 0.39404 0.069046 0.42905 0.084813 0.52906 0.0099605 0.39746 0.14754
0.066492 0.051763 0.0056285 0.34395 0.2411 0.077822 0.11828 0.23901 0.1245 0.39882 0.56951 0.27546 0.0057231 0.10894 0.11543 0.09274 0.21375 0.22113 0.01351 0.41849 0.34532 0.48945 0.44801 0.12087 0.37858
0.65098 0.046564 0.02638 0.245 0.44246 0.42582 0.3702 0.13394 0.6411 0.14824 0.11433 0.28968 0.30964 0.12905 0.13271 0.14028 0.09032 0.19734 0.16045 0.42021 0.46375 0.078578 0.31706 0.033927 0.36675
0.21719 0.44757 0.36369 0.038055 0.39699 0.065019 0.48889 0.056342 0.082486 0.30685 0.16235 0.39107 0.47976 0.15052 0.04841 0.21592 0.42494 0.29848 0.17557 0.059849 0.26784 0.34327 0.45235 0.40559 0.39612
0.19446 0.52121 0.3286 0.48205 0.36488 0.069226 0.43668 0.50184 0.2411 0.49033 0.48661 0.038093 0.52905 0.24351 0.57193 0.040264 0.48828 0.27873 0.36144 0.38511 0.36436 0.21303 0.079309 0.35478 0.23501
0.040578 0.30737 0.28647 0.20858 0.025506 0.3775 0.043437 0.13371 0.19462 0.21988 0.29739 0.20251 0.38875 0.2427 0.44232 0.37225 0.19662 0.23716 0.52912 0.26176 0.079639 0.35727 0.44676 0.37804 0.29544
0.19505 0.062855 0.39734 0.37558 0.036215 0.19373 0.18458 0.25242 0.43526 0.35323 0.469 0.49551 0.079635 0.16687 0.34911 0.21896 0.38426 0.3682 0.51739 0.11988 0.49438 0.26079 0.38543 0.33937 0.44196
0.030314 0.47553 0.38511 0.458 0.043987 0.38522 0.18597 0.35871 0.075019 0.38543 0.24153 0.44659 0.46234 0.19255 0.19617 0.53481 0.16488 0.4897 0.25318 0.055667 0.28046 0.27139 0.28005 0.2215 0.20635
0.33055 0.19469 0.42547 0.064761 0.39668 0.44138 0.34505 0.14884 0.33231 0.21996 0.16647 0.08037 0.092575 0.68488 0.10402 0.21885 0.29743 0.27984 0.13297 0.46535 0.35245 0.11817 0.21343 0.20654 0.027896
0.49797 0.16928 0.15681 0.079018 0.46856 0.34361 0.30119 0.41733 0.085962 0.33327 0.02271 0.08346 0.098286 0.53938 0.38961 0.33774 0.46659 0.28315 0.42238 0.098887 0.018958 0.16697 0.12495 0.43139 0.40285

