0.13669 0.37593 0.033653 0.0078615 0.098472 0.64809 0.46367 0.33433 0.091014 0.32735 0.25364 0.38414 0.045764 0.18029 0.040801 0.58339 0.21907 0.25672 0.17309 0.099872 0.065048 0.49668 0.10877 0.40507 0.3174 0.29132 0.24004 0.44211 0.28549 0.56658 0.63965 0.51259 0.32367 0.23642 0.33167 0.16743 0.14173 0.34388 0.19422 0.43296 0.12133 0.04326 0.32645 0.31771 0.046504 0.37699 0.16103 0.49418 0.472 0.39863
0.28181 0.10277 0.47625 0.36656 0.26599 0.21882 0.0088557 0.46661 0.58416 0.3527 0.48001 0.32411 0.024873 0.2809 0.42299 0.31921 0.090607 0.12243 0.29312 0.1191 0.32154 0.28545 0.17246 0.37202 0.23857 0.53212 0.47058 0.37593 0.26962 0.33444 0.091189 0.26131 0.39445 0.39211 0.26205 0.53775 0.16855 0.46899 0.063856 0.19472 0.2203 0.25704 0.090139 0.28762 0.50615 0.56178 0.23883 0.52029 0.42323 0.095659
0.29605 0.28836 0.31855 0.30615 0.13204 0.056093 0.45134 0.11005 0.3921 0.48307 0.057034 0.38258 0.23242 0.48933 0.049645 0.19055 0.43416 0.29422 0.10593 0.4624 0.012858 0.19338 0.19409 0.2383 0.37518 0.23262 0.35184 0.37127 0.17446 0.14722 0.14771 0.22622 0.29377 0.4472 0.38181 0.43701 0.16996 0.092886 0.063099 0.3653 0.4591 0.37266 0.20987 0.48792 0.15937 0.11121 0.17019 0.16936 0.33072 0.07167
0.11153 0.20676 0.10935 0.31851 0.4569 0.37974 0.19199 0.31298 0.47507 0.016662 0.54146 0.025593 0.47282 0.0031466 0.24359 0.25515 0.36583 0.40047 0.095462 0.26159 0.14693 0.081126 0.29703 0.23019 0.5374 0.10159 0.40908 0.27302 0.076187 0.15057 0.14852 0.32016 0.35774 0.44196 0.40109 0.38076 0.1872 0.0076049 0.091388 0.20681 0.14166 0.10727 0.014402 0.12779 0.49188 0.046116 0.31074 0.10365 0.32537 0.44487
0.28442 0.40228 0.15029 0.32078 0.067755 0.19358 0.44199 0.21421 0.31098 0.43518 0.40103 0.11274 0.37614 0.36103 0.51342 0.25778 0.068314 0.15118 0.036266 0.20759 0.35487 0.13725 0.53332 0.20218 0.21315 0.045469 0.15642 0.39351 0.076815 0.032978 0.46463 0.054543 0.34913 0.15248 0.15876 0.17351 0.26988 0.40458 0.57229 0.079616 0.40037 0.37127 0.29211 0.47349 0.26994 0.16162 0.48455 0.011056 0.17234 0.065196
0.42311 0.17223 0.077804 0.4576 0.22683 0.40683 0.099476 0.070108 0.37685 0.14827 0.16304 0.12687 0.47753 0.2783 0.22072 0.27616 0.28604 0.30033 0.71406 0.43232 0.29881 0.46174 0.12311 0.44457 0.088399 0.35629 0.18857 0.16686 0.23218 0.4159 0.34984 0.14806 0.45992 0.22431 0.4973 0.41788 0.53444 0.15416 0.53462 0.53491 0.05279 0.41373 0.49829 0.058405 0.15331 0.36904 0.60896 0.002831 0.030199 0.52727
0.31616 0.47252 0.45191 0.18617 0.47901 0.073524 0.34197 0.44915 0.16133 0.25197 0.21783 0.40882 0.059734 0.42681 0.27724 0.42041 0.057919 0.1981 0.46357 0.38678 0.55982 0.0011727 0.18894 0.19276 0.079355 0.064571 0.27663 0.23675 0.53081 0.20671 0.14205 0.3651 0.1735 0.033179 0.40628 0.21595 0.36705 0.032082 0.20821 0.10714 0.22159 0.4587 0.47307 0.45491 0.043212 0.093172 0.36829 0.15191 0.25742 0.10049
0.34652 0.3044 0.050596 0.21046 0.47406 0.17316 0.078951 0.22789 0.027736 0.31431 0.3931 0.43472 0.38721 0.06302 0.28317 0.11092 0.30996 0.064084 0.17538 0.11486 0.05492 0.23062 0.59454 0.36939 0.40218 0.44863 0.10518 0.17476 0.33021 0.40051 0.17286 0.19716 0.00060317 0.25976 0.15514 0.15872 0.23603 0.33899 0.050223 0.30663 0.50242 0.25155 0.14855 0.105 0.32033 0.17403 0.2105 0.60743 0.37784 0.064977
0.41038 0.27232 0.55159 0.39448 0.41792 0.30326 0.0048759 0.075663 0.044425 0.13949 0.09549 0.4194 0.17526 0.44725 0.40402 0.032056 0.50668 0.38922 0.31616 0.44728 0.2015 0.46483 0.35132 0.4179 0.37941 0.099488 0.52411 0.37894 0.36452 0.33128 0.35825 0.20403 0.27578 0.3771 0.16801 0.10968 0.47494 0.37502 0.3535 0.029409 0.0682 0.32572 0.43602 0.25554 0.52226 0.33609 0.044535 0.17302 0.10106 0.11882
0.39174 0.37501 0.34488 0.35147 0.092099 0.23324 0.46466 0.50023 0.059496 0.37644 0.10166 0.19886 0.40741 0.23486 0.35358 0.3515 0.42289 0.60355 0.083464 0.31741 0.54625 0.35574 0.14263 0.031139 0.21805 0.47244 0.086522 0.19483 0.47548 0.18934 0.14822 0.52592 0.2929 0.33271 0.1575 0.24136 0.33632 0.45725 0.40211 0.44675 0.48646 0.30476 0.26733 0.22599 0.026462 0.46211 0.062839 0.15345 0.36469 0.56409
